% 0:Stay, 1:Walking, 2:Swing, 3:Transition
S2_trial2 = 3*ones(30100,1);
S2_trial2(442:659+2000) = 0;
S2_trial2(659+2000:1754+2000)=1;
S2_trial2(2297+2000-50:2555+2000)=2;
S2_trial2(2724+2000:4302+2000)=1;
S2_trial2(4866+2000-50:355+6800)=2;
S2_trial2(519+6800:2087+6800)=1;
S2_trial2(2643+6800-50:2920+6800)=2;
S2_trial2(3108+6800:4062+6800)=1;
S2_trial2(4396+6800:220+12000)=0;
S2_trial2(267+12000:2777+12000)=1;
S2_trial2(3003+12000:4238+12000)=0;
S2_trial2(4307+12000:5389+12000)=1;
S2_trial2(5976+12000-50:759+17500)=2;
S2_trial2(927+17500:2459+17500)=1;
S2_trial2(3223+17500-50:3502+17500)=2;
S2_trial2(1232+20000:2741+20000)=1;
S2_trial2(3389+20000-50:3676+20000)=2;
S2_trial2(3804+20000:4749+20000)=1;
S2_trial2(5061+20000:220+26000)=0;
S2_trial2(220+26000:2897+26000)=1;
S2_trial2(2897+26000:3945+26000)=0;
save S2_trial2_label.txt S2_trial2 -ascii -tabs -double