% 0:Stay, 1:Walking, 2:Swing, 3:Transition
S2_trial1 = 3*ones(31200,1);
S2_trial1(1:2298) = 0;
S2_trial1(2320+65:1334+2320)=1;
S2_trial1(2026+2320-50:2266+2320)=2;
S2_trial1(4800:1871+4800)=1;
S2_trial1(2500+4800-50:2773+4800)=2;
S2_trial1(2979+4800:4640+4800)=1;
S2_trial1(624+9440-50:899+9440)=2;
S2_trial1(1145+9440:2204+9440)=1;
S2_trial1(2340+9440:3718+9440)=0;
S2_trial1(3718+9440:2569+13150)=1;
S2_trial1(2748+13150:4297+13150)=0;
S2_trial1(4356+13150:5597+13150)=1;
S2_trial1(6119+13150-50:6405+13150)=2;
S2_trial1(152+19550:1681+19550)=1;
S2_trial1(2222+19550-50:2478+19550)=2;
S2_trial1(2528+19550:4159+19550)=1;
S2_trial1(4745+19550-50:5019+19550)=2;
S2_trial1(762+24000:1678+24000)=1;
S2_trial1(1932+24000:3175+24000)=0;
S2_trial1(3321+24000:5668+24000)=1;
S2_trial1(5786+24000:6932+24000)=0;
save S2_trial1_label.txt S2_trial1 -ascii -tabs -double